70571
121464
34570
78059
108565
70516
129315
94411
80603
71942
100999
73218
18177
107595
4252
84823
28926
49184
88118
88532
112196
44979
81549
21879
4814
11670
105389
114974
54160
67855
78716
27421
86939
88532
87743
120581
13869
9987
31804
10972
31079
203
4685
11347
68189
34591
1633
62715
82509
49727
11118
14778
3204
86814
121068
103150
49561
88051
34485
36228
72482
113966
117953
62836
107098
97384
57613
110598
126768
51140
108725
117307
35225
35825
19166
3763
38390
22832
12819
97761
12894
87815
36305
69403
110514
109740
11724
106091
55402
11897
55321
70110
23154
93040
61423
61948
105196
22913
56313
8406
9280
58007
126912
26433
108923
114927
50370
114346
73865
71399
1900
101754
107536
40178
51366
64838
55348
26146
42106
87205
45331
116022
72470
118350
111598
117530
62728
20209
52082
13375
71861
112891
81158
72216
41088
33210
13700
18164
12523
57656
93221
4654
10302
90503
13055
50924
12338
77503
94153
115462
11727
8301
36731
117646
77518
122853
51639
27360
121635
30103
39365
50849
66324
127707
82962
103904
92532
122188
105346
23231
60693
92677
52383
117817
118423
39969
9053
59935
117177
49588
19056
61214
125619
45463
48601
127639
61107
55712
92377
43878
92728
88480
72697
86599
88887
119019
72356
112067
127362
108077
121627
99244
57742
5405
64054
82739
21080
54098
24370
16193
101583
93924
91339
73375
29583
111920
103302
56667
70237
21555
71489
80403
104760
20759
6740
17565
58838
86677
64494
27930
86239
43528
68869
22482
123835
13448
54199
103455
67953
54426
129988
92344
33647
29951
44173
45150
107268
46811
46301
27779
120047
111685
79179
7075
69017
16654
22198
23784
8762
66354
126044
16151
77133
57521
116679
97309
10400
77073
68859
28831
29034
66357
6944
71995
14875
126255
66817
121679
27248
35850
122831
45794
85515
75518
59716
48251
57411
118673
115151
19421
57857
66373
57558
52779
57998
25835
67863
69477
32699
44313
96571
36653
88364
44355
111493
115903
45961
69395
25201
35814
81804
44420
21924
2221
97281
123749
3784
62091
15311
91380
100044
121173
122552
99153
84413
77255
99618
67888
53826
43829
104908
25584
13189
68727
1902
106131
114675
58545
11923
118021
90642
29357
47612
110091
51641
123795
37025
99881
90046
59182
99069
64365
28288
87091
113791
68961
50021
99913
11259
14589
68009
65929
85296
33747
1400
122063
97609
15976
108715
72952
16507
130513
97896
114018
120483
82035
125928
127146
21791
52664
99971
115301
62972
7180
27475
115447
4751
79989
42302
20755
39062
481
74516
41215
83830
117097
103570
106300
77235
22683
115740
84349
33574
129850
63737
37332
22786
39076
33477
52138
29805
20604
80421
28936
100524
102816
128146
107084
127055
63694
104059
94776
17897
131064
9875
2215
37417
128937
14404
32716
119617
64909
8373
96268
81610
2786
104835
81993
19675
112701
110380
112934
41439
90226
80530
93492
13508
7426
130390
84952
95128
58027
48556
53365
127816
17025
92816
24788
19270
128448
70244
128249
34222
121292
96240
22801
86082
119213
70109
924
37218
113412
102063
120591
103523
98369
101917
30023
14386
106829
99987
112329
43821
128827
118042
33762
39056
47808
50144
4251
117885
81030
130362
72790
128409
123248
17777
94828
118918
109788
13644
91668
79091
23614
75369
72992
3235
127574
84319
79453
87536
104089
47347
78788
13753
19288
72848
90540
48176
36480
98733
16515
60390
45026
57333
97146
118996
89621
50929
16685
9532
12739
13681
84139
28770
67870
64423
37643
87422
100728
31731
90709
32010
130506
84391
66293
85018
35215
54574
119062
1564
52866
57283
89689
81664
23622
65025
19308
61624
73528
125974
73384
117769
51441
117679
125010
33260
100861
97912
70876
104859
33250
87399
16222
26886
50382
84685
88531
129309
75587
46082
31793
29663
70663
76971
65073
77702
59166
99918
56774
111483
19947
117799
23606
7348
65509
29334
45785
124687
9756
129160
45283
57611
23617
15971
55817
111808
25524
41353
101192
117715
20926
102207
57821
127149
107400
75823
91861
54183
63212
127580
52381
101432
66647
85229
24183
88656
8664
115515
7811
109942
100007
35257
41623
57098
100058
95725
14968
39073
84215
126817
28192
97514
115797
71132
37276
97124
80040
37115
92355
10498
107742
108460
14050
46094
96177
21933
11000
33805
92094
126766
116130
126751
67956
5328
3077
96651
45527
115830
8606
103286
58660
36671
786
58628
68762
124603
44134
99349
16627
51722
78873
77713
26972
109060
67774
99640
95000
99315
67204
84698
94799
47973
65177
36682
106631
28011
84598
24350
27045
28461
30160
94371
40399
111360
24942
121790
51740
96338
7666
11195
9151
126313
19922
77285
6161
15478
49985
36552
11850
58433
77133
79442
116715
117744
3471
13087
47486
1400
45773
88830
17772
8959
289
70780
80389
48109
26353
13468
28199
68312
66090
11849
52621
57211
123043
67542
36434
52539
119362
18043
50493
34355
23173
115734
87865
56824
83406
11662
85356
38469
75874
73419
90376
55299
88025
12382
119291
86732
53651
88442
35990
48007
102866
96418
3347
92999
72986
130618
83924
85605
92755
40705
28140
82359
111927
130335
109629
112154
23620
102409
21123
88786
89424
94929
58770
72865
17026
47194
47917
50418
76823
54233
42069
82925
65890
107391
90688
10605
72180
95486
108185
49439
8789
37932
48859
47838
37844
74980
11430
49669
81689
66815
25184
119687
83817
22219
11250
80049
109074
40098
56974
97030
1277
105430
4585
24758
5371
12269
1822
54887
47476
18612
37092
116144
80106
130368
105837
53747
86604
18254
20474
87778
116407
30597
84152
3868
56603
95243
38483
80690
57354
13659
124282
11180
98987
56240
77501
26925
51525
126620
75836
6292
68659
53026
87965
61737
91275
87597
48110
96417
29958
75766
3454
96423
47701
116718
5806
76135
40193
17817
128431
128292
6586
39718
56390
38247
122589
129005
87012
40301
87548
88781
3468
59277
62440
100609
74137
49876
89132
12609
129963
69336
91347
59456
75285
37512
46040
80585
62216
54421
81261
30063
93159
13028
61226
47329
23378
7778
66368
47891
104559
117585
10732
9610
44406
20260
58394
126461
115175
61636
50930
59181
64270
93866
66832
109912
123515
77351
98208
124213
4330
103739
20181
69128
52987
111564
120509
77505
35836
74113
81545
27101
28855
5348
113791
87826
29115
19914
72325
73393
114308
77440
104691
51559
75285
62684
46087
42525
110443
117002
35469
14185
9203
90260
55160
70912
128426
108814
61274
21473
5754
129819
30683
30382
127619
30940
99732
7555
72632
22581
18030
102088
71036
19746
86199
74401
60460
78263
50439
48764
112578
124306
28830
112996
85075
108126
75012
30659
98288
77801
48292
26326
5813
31550
39916
61633
120751
65381
46413
128407
103709
60200
50326
25841
8041
83098
53068
9795
99626
50692
76081
87832
58337
43878
106620
95107
91417
115797
31754
7877
94359
58372
58567
6562
39423
46054
1096
72910
73638
30285
102284
45489
19119
91180
24813
113003
97622
66042
18274
117370
31604
33273
14783
24956
45809
39008
20046
100362
71557
23898
56575
90443
114618
2372
112328
116238
87410
57338
80329
35929
4174
103659
98303
98676
106533
89556
18948
63031
105640
9899
62648
107572
32422
15854
86748
67373
69969
14810
57881
126883
98382
28645
99972
101700
90296
119559
39483
22035
92060
117617
112476
87693
94571
57828
30137
51585
2898
48351
83744
90740
63293
34144
96384
127231
24340
115445
128006
88653
109666
105636
80516
62685
39085
22375
80532
90985
40978
103056
46948
16987
86481
50911
98222
52811
38235
55433
17138
93869
98343
1
47456
58359
101128
31205
80140
56821
13549
67546
83561
6594
129910
50411
3385
11370
18822
14538
7247
5923
51622
61199
48501
65492
129883
5506
55486
100622
42627
70429
76622
103214
25576
111506
125652
25627
13719
118965
67253
82516
125912
4785
130440
42578
11312
25548
1934
48695
128703
64058
128886
102818
59247
51438
108407
20693
90053
119760
26442
79109
9523
60606
55415
91233
107960
23771
99881
13616
110618
21104
78330
78780
82798
112096
89850
59901
63967
115955
88770
85479
59713
37911
70232
22645
42750
70922
112721
98760
120915
41154
92504
88650
130005
59406
120633
16715
42494
46363
112883
35879
25416
125730
116639
114969
57804
95574
49301
24304
2236
70454
104003
25090
108089
42476
116936
25795
64394
78030
120140
33061
40046
71812
6340
57192
35431
64289
61737
79560
18904
2308
29647
127392
51255
82189
119995
113054
11229
51423
58683
88681
21178
91445
106170
12231
30082
15999
5702
100617
36320
57033
18423
81813
121066
114239
104224
14355
59679
113975
25829
2720
51506
100548
101654
64254
15815
50426
130975
35177
118957
109401
5949
5266
61050
121257
15297
80745
120012
32933
72145
13441
44184
43319
87171
103811
118755
86302
59597
117582
37077
72717
12298
3451
108750
29976
116052
84452
29179
70815
111368
6512
20533
120569
28501
98152
80638
74781
33857
88395
10596
129323
84441
103767
125957
24148
65609
7458
114880
29180
84900
28306
67168
71856
127318
54241
105204
19109
74077
17650
129849
117682
31064
58597
43634
36465
92674
90546
58364
104932
26089
67063
50662
36804
40802
87480
99152
105147
89143
106746
38635
80380
95236
111088
105507
80888
128548
35737
26062
23684
64589
63657
19948
90571
42158
69295
63295
90179
77804
102296
33953
14435
1931
31650
17336
81327
35826
74700
30672
70230
36142
89573
50092
160
35786
6352
80678
129779
113093
100947
54466
110954
49184
117978
31954
69862
120631
37871
76404
129148
100093
101372
17614
56183
45817
3452
36742
73633
66171
116246
65677
3216
124439
81032
18421
93059
36425
4644
19316
35067
73021
73875
125433
30903
115812
15011
83896
21457
7814
130875
106151
48828
85384
120427
33802
88790
7162
72448
8863
64153
43421
130776
19706
112467
17796
76392
28539
57767
15195
43719
25569
27794
71529
101667
46127
100987
103396
76231
108692
124370
84582
73143
74384
91072
31420
129447
72638
56879
86819
64062
72695
113903
34119
82793
105679
107124
4747
95249
47497
134
26977
87052
40263
116048
22962
40768
61269
78976
17006
121595
102482
22454
89550
65868
45533
114706
107181
80808
57670
60751
92354
65932
51437
35519
23272
50513
70596
30856
79355
81537
100096
35151
122346
21533
8014
65898
104151
57864
120318
57509
24888
78405
79975
16701
54544
9599
116027
94487
114908
123532
19581
110096
46386
78066
72778
16232
92755
42143
85402
118951
112400
14094
33060
2194
5576
100224
58107
9810
15607
99148
119229
78391
81633
62466
30301
98410
3976
43025
59427
16983
129409
96046
12581
66504
18830
107508
90458
105535
29683
123829
112645
51707
114116
111822
125223
70616
66761
77322
60451
130445
49134
23890
52039
11134
3076
18422
122541
70093
28612
111703
52904
106868
112423
64606
59608
104282
57948
46376
80015
56793
21637
86086
121593
15905
102737
20757
101385
93053
9295
42405
108894
119484
68072
111773
62976
63339
79162
58702
64932
105394
14524
73753
66007
44649
16051
118710
49631
91067
12927
34687
102648
65731
28177
9925
31335
93527
124640
86760
63443
96252
98867
124786
86558
117232
112252
73065
96725
119341
119226
59373
32409
124401
130139
20430
75798
34180
47544
33111
64477
28042
96544
44764
71602
8373
91783
125132
26695
4800
51694
51225
123529
42055
58489
28281
53056
40080
87572
81779
17126
66393
27877
22412
127433
48454
51208
38680
120140
47028
37019
59576
96906
108933
29436
123890
18760
107192
50512
63678
75617
62767
85908
94084
32366
68156
57048
88886
97609
89971
27335
25158
107440
121122
25297
13470
20420
58139
27455
37247
90609
77329
125844
72724
85396
25031
19189
68529
78413
61841
130812
28307
47015
66832
44267
13786
107229
89834
101982
25654
6364
129233
54780
53524
102951
45552
61810
59432
97754
84820
113662
31767
15217
88396
38907
79177
119494
113864
81038
5245
69208
93280
26201
50211
14911
54841
77963
13434
6626
23065
114222
65148
97186
45007
31566
40913
73702
106432
44653
50675
114515
96556
65199
109626
90320
120786
20598
96004
77979
35712
73833
99152
12222
106607
32234
51574
120934
51916
86829
15903
91146
61355
42391
104306
125087
18385
77839
15695
65735
95051
66396
43707
31609
74735
93346
108456
25388
12867
42308
85826
29285
48866
70116
76420
96193
118337
65817
55406
50242
8559
24379
116342
126528
80427
64696
101435
42446
6857
105745
39942
13945
104355
9201
60962
17705
93004
79955
94687
42321
50140
120069
130343
21440
48963
62109
13426
46473
80240
35912
118145
35636
70309
54853
26153
50963
44376
74001
93817
83413
61912
57609
125983
13211
94983
50743
125262
66157
63960
48191
83233
84870
100249
49692
39534
119939
34352
118029
117666
83849
46755
57513
54653
129399
12821
54657
63559
7104
59245
31603
110790
46436
9539
20467
89669
86432
44796
92693
102674
72360
10666
20571
101030
30891
51441
149
47047
83916
111470
130566
11135
68886
127985
107540
72598
16047
59316
76632
96079
61907
108575
100025
102978
39575
115225
64605
102115
118671
60161
44537
60463
94481
48046
73603
56465
64751
117578
11723
111740
125241
89624
67789
63802
30415
120392
16936
2945
95695
106494
64718
61351
82034
23270
122055
102777
59390
95388
2396
12783
62531
40026
35469
118684
10240
15502
131002
89803
98637
104836
3979
94435
21915
44959
68350
23473
127856
88006
69016
12641
63812
107383
34255
52678
94847
55327
87620
52546
106307
115348
114745
78218
38214
22951
59673
88666
105212
44507
2334
63306
89708
26680
82039
85
95779
71633
78398
39007
58631
127947
110735
97249
3613
83602
30039
38885
6927
46687
39912
130203
63672
4967
8018
106821
47071
18361
24604
26990
49135
102551
96729
70998
111120
107189
110509
16588
4962
107080
67933
54222
52195
33596
67404
73004
95313
25624
71378
9915
110223
123439
73401
129469
97890
86689
19760
55652
89028
55753
34818
73413
45035
3070
7101
88267
3098
57068
46262
82277
29892
56939
40482
22108
84004
417
12045
7396
128079
55567
5412
130013
119112
83768
102079
106795
94285
66783
45521
110128
69605
47416
65767
113791
86554
39230
23889
42104
22352
126089
117435
15516
37564
84194
17311
114370
17185
127566
127104
119158
69608
4752
117690
77523
6675
99350
50649
80816
101729
42227
31545
55890
15067
51009
60354
53389
116679
61640
66766
34434
43895
53024
82943
71154
127868
256
44031
43487
69245
108215
10698
106763
93202
117226
86094
59621
47341
20721
50107
80454
54929
105720
25133
129929
63744
25069
20318
65641
11801
27881
33864
34201
115519
121962
7355
69757
57517
78327
32867
7654
32135
100749
35924
119508
13362
111237
56553
98289
100684
13636
82989
96080
25666
30708
77676
70846
47770
24529
108534
36682
2385
107936
6620
80639
126293
77013
56298
106196
109805
11274
129652
126765
19459
56727
63217
1570
76005
97317
35337
31521
66784
28674
38612
17833
96858
14310
31326
33990
64864
40464
25846
99856
30273
6065
42766
94737
37877
129898
39766
54461
61509
114267
94283
124311
127084
72584
72156
128553
59575
29839
89400
94571
98513
61163
92269
41129
87524
36157
43289
69022
55388
115800
82372
35934
72608
103087
3883
103510
34346
106220
26653
46306
66269
45572
70
106957
96641
129864
79193
78988
93919
32522
65834
56629
79870
113766
14540
16045
22985
40995
109311
12164
1419
12127
54733
68776
92442
98568
66890
78843
45473
69964
129097
104348
84377
62032
75083
80266
113693
42890
11376
26843
40595
124576
32687
91527
71247
114612
102181
97447
29883
123212
35539
107747
40387
103637
115451
89000
118394
4313
51370
61961
2958
72034
117888
12225
64034
99704
16460
8276
64502
18263
5557
83160
1675
69020
43505
18575
3372
57433
1936
67299
48015
39101
113187
69835
44937
8825
43527
128466
20016
100947
48648
16230
79544
98976
54554
124144
93971
126067
35265
31219
118796
35122
20957
67797
121301
107309
125439
389
107939
81842
19088
87885
128709
52898
125337
6275
5259
42826
124496
11108
7289
31110
116188
112097
83956
108646
79690
102917
77
125940
91486
15524
36038
83442
28836
43343
112269
59727
114306
79663
53261
125786
5597
95445
68041
22831
123989
126285
109578
31211
1083
88239
108447
15726
35993
29040
80674
80722
25492
14155
32542
35536
95121
130036
108432
17084
66264
84266
16554
32338
67155
120824
2943
1301
7059
58658
27834
24664
4141
19634
29300
35441
126529
33855
54829
107529
93362
119308
73309
128050
7386
70676
127851
7762
66455
64221
90492
111959
5936
36014
85309
73006
51009
14547
10236
126809
64879
34747
83477
112703
11753
1834
33438
56710
21083
69347
114767
100746
26841
54686
36373
104689
44511
32388
46343
22683
123518
94869
119883
49951
58435
51723
85027
50860
106170
116529
27043
96944
28890
101132
3543
80630
3959
13165
38492
46697
116455
114146
78998
94378
94494
120510
129760
66807
41234
82816
20308
40239
16229
78684
114070
73398
49675
52707
102087
124564
5109
34247
65542
43371
57311
17149
83113
15750
94205
69292
115495
61977
82597
87751
114400
49453
54994
70893
22636
75853
50326
57689
96237
120083
60018
5321
57987
25765
1961
116241
125392
107324
100743
70314
437
1826
87274
61402
89259
1052
73036
20765
110638
72332
29896
25968
7114
64230
83199
28677
72360
85588
45420
84563
67412
71827
26641
28651
50545
37837
129637
49082
53573
64152
68342
97630
129837
104840
63211
19835
129717
87810
78180
8359
82933
78276
53457
84546
79521
126915
67910
27308
75094
50405
1416
105374
50642
115019
125956
40125
33220
115933
70110
107414
48097
63134
61459
20763
99370
130611
41556
55613
23396
115803
95721
65320
97941
110489
62644
104965
33602
61009
64828
130981
5608
59036
60782
67406
18646
114189
90636
17891
91590
18879
15366
108560
125920
72182
41571
69663
112268
58380
69375
37765
10630
60690
121351
87935
78000
87202
42811
19026
65153
27557
40597
70945
29222
39827
30483
115818
72395
68785
24960
80223
19478
93346
71177
8119
73649
106336
84499
105973
39375
38426
12152
127584
16559
49244
84812
69288
90528
112525
86946
18683
86470
73315
82733
10470
50155
101931
17499
35994
30721
53897
124599
43642
3666
83460
116567
2225
47596
53192
32940
68638
56531
43298
42411
36203
64907
4098
42720
52023
86742
87512
2053
28211
4210
101686
53515
93189
65338
66485
47277
23043
88997
107847
66338
45656
116119
11714
9747
53117
112213
13288
52906
26125
76459
91132
1168
56922
2940
107870
126783
66425
130418
59437
78930
69160
25994
110441
11221
106516
105474
104660
74680
100007
6644
94854
23374
127523
34168
105991
101681
90589
117738
76120
108725
91889
84197
97206
111899
61089
76657
126390
54082
126095
102672
71430
66875
61337
18322
28165
110137
78859
129321
66121
90077
45200
13411
100663
8521
79114
43955
89205
60587
4141
81020
108589
7673
25134
60795
35156
123988
130373
123503
38650
73901
104190
54278
99550
57973
120326
68930
59870
67391
71305
116986
36535
69910
9327
92760
46990
119644
22211
107527
91958
106827
56662
65371
92910
103470
60207
5866
51274
32004
108813
91562
78199
49046
19825
111054
48767
80766
21409
28332
43552
88870
96873
91144
49337
116081
112677
78754
88613
45305
49686
22302
81710
90134
17603
39453
87979
51946
65914
70274
68589
9263
49021
95320
16361
142
31807
48419
105876
48149
123509
69871
35342
78674
16751
97560
32269
7068
94268
91615
110246
5062
115790
69208
108507
79525
88700
93501
107552
64157
119641
1369
30718
60096
106866
13538
106407
38243
61614
47133
65215
62151
37566
15523
74294
30201
94209
65782
47596
7828
68417
99401
24869
99868
103212
95035
47365
97632
107631
117648
29155
99770
21479
91880
2423
52454
121593
53738
109980
76716
104894
59533
70877
10953
73642
64942
120158
120369
48792
92255
27862
124211
35376
93694
118002
50998
16759
121210
112861
10601
67962
14045
16919
48201
31013
9280
63448
102337
64521
100071
16058
112768
62128
41092
117553
8356
6355
32299
27801
15168
23906
128162
65452
9321
85469
74595
32480
130903
63548
39281
117381
6373
30556
103876
109201
102068
81185
100515
128529
3908
20943
71206
114810
12235
121990
68118
35435
20086
111016
45600
104049
40330
106574
84977
4880
31937
17090
14199
64417
17118
112620
55742
68887
1810
107838
130077
65399
108606
67503
75664
66176
90503
90796
53073
12450
91432
37427
109858
63739
96611
24498
102186
85732
24415
59524
18478
60092
9317
95526
109331
87063
47400
61461
119071
19185
116432
124055
65141
21648
113019
117222
76919
9037
29594
115711
94486
72028
88793
123411
19704
67735
108966
22867
34084
83726
88640
27766
89054
78126
72684
44126
51452
86350
86061
12697
24973
40186
106931
53075
66837
124062
64931
36196
116054
19362
122074
34248
82739
44266
13198
58505
9067
37696
98316
60040
85302
90449
21341
102339
77593
4081
77077
58004
112315
63219
48545
3007
99374
81829
107057
68891
38863
79034
79459
37928
8963
5403
82532
74383
35133
55939
98792
77754
97744
59113
96814
63107
93320
10728
62884
104978
18886
4245
95806
8402
40996
94821
83446
44850
125285
126593
60586
124734
18644
85530
41564
55069
125499
99049
28998
85780
62540
30471
126151
115792
76643
60474
97088
84487
100808
122215
71860
119843
102887
19311
87450
79818
103499
40798
48105
76846
66413
52130
36523
54287
19901
9680
116452
26362
90089
108635
92174
7119
123905
19475
71727
87561
47523
76713
127887
68848
18966
78290
72983
40479
72916
50337
95884
18582
120177
28560
59644
93016
103006
39154
77294
29089
113301
2136
14481
31036
110894
82181
5811
124664
25023
37434
90684
37466
88048
86325
9894
96427
47717
79311
54980
127124
78519
67967
98495
114911
111778
85744
119041
65684
83347
43996
57920
67873
1984
44380
118905
72891
77177
32425
97846
104861
26756
131022
24320
49836
62792
98807
56266
20345
102207
29280
105024
49824
103356
119877
31953
71583
127313
602
11128
27461
73799
111555
97295
16162
43719
27804
84788
80270
69686
22525
126913
68098
40904
18546
123108
961
109213
1715
93516
96357
109970
43112
92586
60494
110553
38221
15229
114323
39553
94002
95487
28535
99414
117920
123811
43853
3020
72359
67471
102338
99459
25650
88963
51112
71586
71508
41951
127633
128595
64557
21196
125944
82218
84815
116055
4019
100962
69868
96031
115476
121464
100422
13207
100935
17272
112735
118322
16655
31879
18469
53183
116246
123688
90784
60472
17597
105767
82297
86745
82923
64723
114568
99251
17670
117719
57535
67014
34854
30851
64475
42398
20731
52181
129870
24123
25944
23219
35077
77118
54000
30789
96096
20671
70753
9982
123751
49440
74495
26738
87364
9843
110819
102639
123575
95362
83944
839
112492
107991
18962
7254
103675
17928
54671
69241
67318
118971
110750
105753
62760
117777
73597
55647
61495
107035
126133
34398
15221
14069
118013
62331
5850
63596
59803
32775
34566
41438
80200
109400
58084
53589
62989
53632
65901
89694
102224
8329
26678
33921
19485
120902
51067
22025
83791
74861
62587
14644
110739
15660
106106
61269
6570
33741
2521
10439
11086
92015
34871
61031
116088
109319
112262
112880
109161
40535
23358
117478
95846
97714
88819
1704
66095
113997
60692
13156
26768
78475
83315
63073
59918
22426
87246
68829
2098
3365
61714
12362
42085
34060
66929
20429
93214
129225
88942
10650
47756
21333
38109
28064
95730
106999
40672
76092
13715
52431
103762
107973
81254
42331
52449
101306
100886
117911
26421
43940
115942
127379
119216
103392
44633
15425
27148
47758
66367
85224
19246
67981
30973
57120
81942
31832
64798
88874
80321
121554
34976
57007
87481
57311
69050
76538
68843
12243
118543
85455
75044
30846
5560
9610
15460
94854
75578
36874
23222
2353
28536
86719
112513
87820
82702
64524
90679
96528
75822
28195
64153
109694
11998
105916
15678
123098
4052
92953
10531
1875
57081
89487
10494
97364
96408
92423
91126
116625
34712
120831
93447
114693
33755
32583
22533
94961
130129
87305
103676
51944
59727
44833
38228
98940
72597
61429
469
30286
56300
55616
8155
130404
16277
24776
74810
22965
105170
94808
8648
23026
17973
101956
38348
89680
100409
96406
17032
92112
43440
58132
91805
121551
115232
115053
12116
47742
72479
21073
102734
99015
57672
21677
85623
16811
112075
1850
80279
91401
50318
11011
105595
17949
68058
55813
92159
43872
130156
105761
65904
60920
43484
43228
8475
23182
89491
23923
73907
70099
56572
116914
97660
53289
22
82611
119975
40450
114294
51570
48600
56469
125223
110972
60498
54019
45261
76280
29419
104710
127854
44668
13938
23312
52014
94566
40934
15019
61687
121482
89192
39017
123055
75441
103546
67828
7446
66673
48205
56192
80359
47907
96022
49499
23543
94599
120274
81944
85398
74015
36099
116750
106376
105694
61658
95476
52835
80277
68320
31157
83108
90373
123116
110706
43549
39935
100735
56226
3127
76224
9581
41641
93533
83613
94522
86116
45552
15237
124940
33754
111415
105412
31935
98893
44020
53184
120666
48349
90782
112405
98544
122544
43921
100792
54048
99295
111022
35576
25656
111585
59104
80610
81122
20034
45338
57395
31558
73193
87796
24795
18416
111292
98232
49576
80754
77273
32680
18428
22913
22957
107783
78532
129000
41670
118413
96812
36330
114576
55506
67769
100796
127571
94153
56394
72780
56042
100159
35025
31651
99976
99481
8946
26323
7663
29719
16123
14647
94748
114894
112832
56808
41628
31310
41194
80108
9954
68657
60766
47916
116212
86292
52875
15161
71930
116141
130153
31900
102082
72316
27703
77154
81440
60867
123446
95659
10575
125213
56836
802
95744
9022
42201
126001
102556
3043
78392
40998
110421
896
89013
5531
110940
111423
112377
98063
17729
75405
25934
82490
50349
66678
22530
38314
20956
88867
97972
24700
123014
112653
31675
45588
50262
86172
91287
67093
81207
129653
7964
107379
98166
33009
70485
1236
102840
19402
10676
117849
61714
8772
16433
7510
62154
90627
60643
97068
37705
9496
106870
111881
39348
4916
121959
29190
74618
31761
80672
81089
25704
60899
60012
108702
56329
115069
58651
19655
63836
72863
66694
93826
66894
85696
86432
89416
33703
78621
78854
126998
61845
107403
80948
51523
34124
20660
47442
88737
117510
126962
106506
100268
18874
35527
28488
68884
120867
74265
115535
17268
92235
118601
68385
47066
26943
57345
48637
52039
100059
87467
64212
38376
18515
100392
106044
5068
42326
85764
69509
87125
22303
55641
123598
15723
21944
43598
28785
18640
72655
3738
49028
57072
105860
126573
97158
124353
115073
79318
87477
102844
6200
128758
88076
66117
109274
81935
119193
10586
39797
83276
2024
32408
105116
83136
63938
80823
118340
24484
119798
129873
68957
102092
14064
121911
114380
20245
19455
90795
8117
45110
40680
116881
108142
106718
90221