35622
55694
118874
60830
49656
32472
5348
92831
16884
694
107878
106784
20751
15032
78020
117523
117257
107769
63072
104469
83414
95888
40401
33673
13055
99070
53836
81259
128771
102653
78320
130759
34644
7055
119955
76205
56765
54874
60770
125130
112848
46857
439
104775
28002
40205
117118
56799
129066
117984
58036
95269
81740
417
74024
66661
119526
40698
88652
26838
35060
101749
40369
82159
116579
74396
50888
14138
73513
72346
114235
80636
62217
21944
41820
59081
96067
97787
114302
129502
89014
127270
120799
24220
14037
65147
97665
16257
119177
56460
15951
58105
103164
108945
8839
102543
76273
44073
48576
14063
35197
127210
66192
57776
116322
37710
36587
67581
43867
21876
46473
113198
67477
74888
26255
91918
23524
127216
72444
16548
37730
25248
2981
16779
63515
51227
28936
52693
76895
44479
1202
45400
110639
78181
28854
55700
49295
10293
72157
19272
107335
130577
82434
48511
13704
13740
16751
129371
128214
38657
23603
46204
51275
126493
25073
18334
54954
19363
89184
82972
1587
118300
65146
35732
60971
63479
93205
94148
27164
112691
95325
116392
86016
5517
21932
111242
119112
16163
8227
8478
50377
83438
127300
31797
119304
72113
4854
23884
25956
59070
29530
87535
115610
36
58069
42129
9745
53440
118110
109859
93180
30906
61539
101088
69221
90270
104405
35984
65299
52068
81421
94228
3707
30581
99919
45455
23140
126273
96784
58245
7974
122464
44131
117707
55177
4635
10149
51262
126597
76088
69370
110804
40869
122476
70751
41770
27123
121910
69207
73275
64136
106383
119954
3897
113793
74489
121092
130188
58353
58808
4552
46499
22850
94902
30282
94699
46301
89605
1687
100096
49113
110595
64294
42205
25472
129
107632
52522
6344
105738
93270
38491
22235
55019
105732
25996
23145
21180
73315
109533
90284
17014
102100
4061
80719
3470
83885
44292
118278
24710
119491
45888
59218
36651
129544
70895
116963
73822
34248
122432
120201
69763
105926
112752
70701
98093
14762
125989
106547
51657
29104
113631
91996
113714
13016
46288
55420
84530
54990
91539
87515
4492
82345
54473
4376
86344
63702
91504
7418
89295
92308
10773
62833
39306
59367
61052
111017
57567
43578
77257
53989
112544
92089
91502
89422
47191
55916
53748
92781
128468
71133
123002
36443
72246
63750
84890
26708
69063
128354
80294
92409
101338
5008
77
37448
63539
54287
72959
110542
91723
85941
84924
24653
88464
13610
18105
82557
20569
78242
90484
89952
112055
58355
7891
91433
15864
62136
119330
88059
97675
37209
116246
105693
79120
78676
46743
86488
80905
112700
82353
25481
37386
35300
115587
52027
85223
33451
122897
76179
61302
41581
71546
105518
112726
38026
102001
6182
92842
61019
100941
11973
11889
33400
71418
14019
37232
123972
79588
82986
62140
15940
127804
17231
54771
8805
32599
72916
37832
41891
86872
50803
94311
126753
102934
116459
58678
78856
107723
98252
47864
4301
96321
126096
3917
108019
3086
57932
83619
15131
119480
90984
90980
90403
127235
69484
15893
106205
27559
87398
42497
119341
35839
99822
113087
27926
20273
103937
17944
67874
112236
55797
123381
26882
1456
74927
104446
66961
129395
64366
120606
681
64816
115028
41654
16881
56328
3100
79358
22026
290
120843
100660
64836
66172
22192
53159
33081
87694
4876
71523
13152
121548
44574
115781
38495
71901
87506
95978
48143
124252
128259
48733
10308
1040
73332
109934
35075
75484
67206
66571
82344
14058
68129
94873
54142
79125
12386
123822
32611
116296
119822
50635
32219
19105
16378
905
79119
90905
86439
32932
45076
38823
34353
127026
107480
81432
108135
106195
56968
57551
41956
23055
8328
13255
52227
29353
97478
122123
13714
9284
44414
20047
10605
107630
114998
23133
68817
128514
97048
51989
90692
95910
46075
13668
54184
82210
44706
76298
84001
117508
45748
116966
59137
100952
125537
49172
88108
126599
28239
54809
98186
31138
115336
53972
79834
29358
18165
120809
25275
73910
45669
115169
94916
53790
5659
18428
35245
27235
84915
37431
7536
69580
1615
116874
22475
55706
77190
48006
539
68609
57668
6804
94296
33032
10439
35545
46788
129025
85943
56261
11655
109977
54386
115592
63616
21801
41304
64552
58273
47181
114482
4132
49265
6732
64807
106359
110667
71060
54024
94233
13442
105956
8911
12342
55140
91002
23219
118396
127595
17162
84358
66675
69867
68096
62375
67728
100123
110624
22570
17401
7719
39573
45007
48156
85565
70220
38160
35992
75661
104267
28745
72198
103583
19393
75178
27847
43294
33265
38261
40808
18138
26477
71938
28325
119858
14335
39366
124142
40160
63841
107112
16324
14398
38482
36356
102536
74386
74849
91202
7695
115868
108904
492
27050
75656
54447
28310
74172
40657
11729
16548
27355
56279
46134
60712
22821
111799
7337
23973
15026
125371
80199
5253
68404
98724
107028
27636
99651
45843
78842
57366
120836
129831
75234
82488
111225
66886
103997
8915
124280
43498
4126
90867
82321
119172
71605
99667
107465
64976
71687
19324
5790
8666
25768
12528
60960
75517
54138
17369
4259
673
60776
105078
81376
62834
19505
98620
88172
101371
128312
73559
1713
78570
10648
79618
40750
32799
2670
117538
121902
28637
45086
98869
55769
80953
66722
20164
62355
10334
122151
99569
5731
26630
74643
86788
31620
20141
83135
98292
99975
14410
68741
74309
33993
79948
44638
98521
31828
22505
69789
79740
4556
63121
85992
121217
20712
78858
37518
48521
69876
58423
85999
64439
74608
74972
29698
110589
52118
59655
80852
76839
41474
38725
114235
107510
106933
71070
76797
33766
125182
39375
91161
124016
113564
45360
89226
14060
72861
34146
129946
27113
69521
72758
66494
3380
91635
111852
115147
29893
66052
9723
96635
1304
95867
76499
117791
63970
62559
97797
74539
122114
70608
61423
119056
85399
14513
4793
130279
46706
36973
36759
77396
53808
47808
52025
14890
52927
51770
33715
69910
20767
49251
41199
71953
66165
30215
75847
65395
114980
52187
8953
66781
39165
36735
58671
94257
50032
94498
43764
66405
12752
128261
57608
36893
117044
7828
90704
89741
17577
26239
16434
123950
100067
102697
106709
19505
58914
93745
77132
41629
106595
24786
67673
101789
46911
48469
79262
32940
94677
21864
36325
31533
30085
89630
109854
119058
121126
49214
42918
115058
52834
105293
13876
84723
90680
80925
27755
33
88679
77277
115499
119255
20694
83967
26460
117036
49607
44358
2161
88584
27949
73538
83610
46596
92099
35147
125801
59349
26160
33499
77508
112916
58220
96777
107151
36731
94173
97380
103759
59203
112690
52322
74953
69032
85127
30511
27356
66037
124757
68946
126786
90564
49565
82805